-0.030000 -0.030000 -0.186510
-0.029900 -0.029900 -0.186510
-0.029800 -0.029800 -0.186510
-0.029700 -0.029700 -0.186510
-0.029600 -0.029600 -0.186510
-0.029500 -0.029500 -0.186510
-0.029400 -0.029400 -0.186510
-0.029300 -0.029300 -0.186510
-0.029200 -0.029200 -0.186510
-0.029100 -0.029100 -0.186510
-0.029000 -0.029000 -0.186510
-0.028900 -0.028900 -0.186510
-0.028800 -0.028800 -0.186510
-0.028700 -0.028700 -0.186510
-0.028600 -0.028600 -0.186510
-0.028500 -0.028500 -0.186510
-0.028400 -0.028400 -0.186510
-0.028300 -0.028300 -0.186510
-0.028200 -0.028200 -0.186510
-0.028100 -0.028100 -0.186510
-0.028000 -0.028000 -0.186510
-0.027900 -0.027900 -0.186510
-0.027800 -0.027800 -0.186510
-0.027700 -0.027700 -0.186510
-0.027600 -0.027600 -0.186510
-0.027500 -0.027500 -0.186510
-0.027400 -0.027400 -0.186510
-0.027300 -0.027300 -0.186510
-0.027200 -0.027200 -0.186510
-0.027100 -0.027100 -0.186510
-0.027000 -0.027000 -0.186510
-0.026900 -0.026900 -0.186510
-0.026800 -0.026800 -0.186510
-0.026700 -0.026700 -0.186510
-0.026600 -0.026600 -0.186510
-0.026500 -0.026500 -0.186510
-0.026400 -0.026400 -0.186510
-0.026300 -0.026300 -0.186510
-0.026200 -0.026200 -0.186510
-0.026100 -0.026100 -0.186510
-0.026000 -0.026000 -0.186510
-0.025900 -0.025900 -0.186510
-0.025800 -0.025800 -0.186510
-0.025700 -0.025700 -0.186510
-0.025600 -0.025600 -0.186510
-0.025500 -0.025500 -0.186510
-0.025400 -0.025400 -0.186510
-0.025300 -0.025300 -0.186510
-0.025200 -0.025200 -0.186510
-0.025100 -0.025100 -0.186510
-0.025000 -0.025000 -0.186510
-0.024900 -0.024900 -0.186510
-0.024800 -0.024800 -0.186510
-0.024700 -0.024700 -0.186510
-0.024600 -0.024600 -0.186510
-0.024500 -0.024500 -0.186510
-0.024400 -0.024400 -0.186510
-0.024300 -0.024300 -0.186510
-0.024200 -0.024200 -0.186510
-0.024100 -0.024100 -0.186510
-0.024000 -0.024000 -0.186510
-0.023900 -0.023900 -0.186510
-0.023800 -0.023800 -0.186510
-0.023700 -0.023700 -0.186510
-0.023600 -0.023600 -0.186510
-0.023500 -0.023500 -0.186510
-0.023400 -0.023400 -0.186510
-0.023300 -0.023300 -0.186510
-0.023200 -0.023200 -0.186510
-0.023100 -0.023100 -0.186510
-0.023000 -0.023000 -0.186510
-0.022900 -0.022900 -0.186510
-0.022800 -0.022800 -0.186510
-0.022700 -0.022700 -0.186510
-0.022600 -0.022600 -0.186510
-0.022500 -0.022500 -0.186510
-0.022400 -0.022400 -0.186510
-0.022300 -0.022300 -0.186510
-0.022200 -0.022200 -0.186510
-0.022100 -0.022100 -0.186510
-0.022000 -0.022000 -0.186510
-0.021900 -0.021900 -0.186510
-0.021800 -0.021800 -0.186510
-0.021700 -0.021700 -0.186510
-0.021600 -0.021600 -0.186510
-0.021500 -0.021500 -0.186510
-0.021400 -0.021400 -0.186510
-0.021300 -0.021300 -0.186510
-0.021200 -0.021200 -0.186510
-0.021100 -0.021100 -0.186510
-0.021000 -0.021000 -0.186510
-0.020900 -0.020900 -0.186510
-0.020800 -0.020800 -0.186510
-0.020700 -0.020700 -0.186510
-0.020600 -0.020600 -0.186510
-0.020500 -0.020500 -0.186510
-0.020400 -0.020400 -0.186510
-0.020300 -0.020300 -0.186510
-0.020200 -0.020200 -0.186510
-0.020100 -0.020100 -0.186510
-0.020000 -0.020000 -0.186510
-0.019900 -0.019900 -0.186510
-0.019800 -0.019800 -0.186510
-0.019700 -0.019700 -0.186510
-0.019600 -0.019600 -0.186510
-0.019500 -0.019500 -0.186510
-0.019400 -0.019400 -0.186510
-0.019300 -0.019300 -0.186510
-0.019200 -0.019200 -0.186510
-0.019100 -0.019100 -0.186510
-0.019000 -0.019000 -0.186510
-0.018900 -0.018900 -0.186510
-0.018800 -0.018800 -0.186510
-0.018700 -0.018700 -0.186510
-0.018600 -0.018600 -0.186510
-0.018500 -0.018500 -0.186510
-0.018400 -0.018400 -0.186510
-0.018300 -0.018300 -0.186510
-0.018200 -0.018200 -0.186510
-0.018100 -0.018100 -0.186510
-0.018000 -0.018000 -0.186510
-0.017900 -0.017900 -0.186510
-0.017800 -0.017800 -0.186510
-0.017700 -0.017700 -0.186510
-0.017600 -0.017600 -0.186510
-0.017500 -0.017500 -0.186510
-0.017400 -0.017400 -0.186510
-0.017300 -0.017300 -0.186510
-0.017200 -0.017200 -0.186510
-0.017100 -0.017100 -0.186510
-0.017000 -0.017000 -0.186510
-0.016900 -0.016900 -0.186510
-0.016800 -0.016800 -0.186510
-0.016700 -0.016700 -0.186510
-0.016600 -0.016600 -0.186510
-0.016500 -0.016500 -0.186510
-0.016400 -0.016400 -0.186510
-0.016300 -0.016300 -0.186510
-0.016200 -0.016200 -0.186510
-0.016100 -0.016100 -0.186510
-0.016000 -0.016000 -0.186510
-0.015900 -0.015900 -0.186510
-0.015800 -0.015800 -0.186510
-0.015700 -0.015700 -0.186510
-0.015600 -0.015600 -0.186510
-0.015500 -0.015500 -0.186510
-0.015400 -0.015400 -0.186510
-0.015300 -0.015300 -0.186510
-0.015200 -0.015200 -0.186510
-0.015100 -0.015100 -0.186510
-0.015000 -0.015000 -0.186510
-0.014900 -0.014900 -0.186510
-0.014800 -0.014800 -0.186510
-0.014700 -0.014700 -0.186510
-0.014600 -0.014600 -0.186510
-0.014500 -0.014500 -0.186510
-0.014400 -0.014400 -0.186510
-0.014300 -0.014300 -0.186510
-0.014200 -0.014200 -0.186510
-0.014100 -0.014100 -0.186510
-0.014000 -0.014000 -0.186510
-0.013900 -0.013900 -0.186510
-0.013800 -0.013800 -0.186510
-0.013700 -0.013700 -0.186510
-0.013600 -0.013600 -0.186510
-0.013500 -0.013500 -0.186510
-0.013400 -0.013400 -0.186510
-0.013300 -0.013300 -0.186510
-0.013200 -0.013200 -0.186510
-0.013100 -0.013100 -0.186510
-0.013000 -0.013000 -0.186510
-0.012900 -0.012900 -0.186510
-0.012800 -0.012800 -0.186510
-0.012700 -0.012700 -0.186510
-0.012600 -0.012600 -0.186510
-0.012500 -0.012500 -0.186510
-0.012400 -0.012400 -0.186510
-0.012300 -0.012300 -0.186510
-0.012200 -0.012200 -0.186510
-0.012100 -0.012100 -0.186510
-0.012000 -0.012000 -0.186510
-0.011900 -0.011900 -0.186510
-0.011800 -0.011800 -0.186510
-0.011700 -0.011700 -0.186510
-0.011600 -0.011600 -0.186510
-0.011500 -0.011500 -0.186510
-0.011400 -0.011400 -0.186510
-0.011300 -0.011300 -0.186510
-0.011200 -0.011200 -0.186510
-0.011100 -0.011100 -0.186510
-0.011000 -0.011000 -0.186510
-0.010900 -0.010900 -0.186510
-0.010800 -0.010800 -0.186510
-0.010700 -0.010700 -0.186510
-0.010600 -0.010600 -0.186510
-0.010500 -0.010500 -0.186510
-0.010400 -0.010400 -0.186510
-0.010300 -0.010300 -0.186510
-0.010200 -0.010200 -0.186510
-0.010100 -0.010100 -0.186510
-0.010000 -0.010000 -0.186510
-0.009900 -0.009900 -0.186510
-0.009800 -0.009800 -0.186510
-0.009700 -0.009700 -0.186510
-0.009600 -0.009600 -0.186510
-0.009500 -0.009500 -0.186510
-0.009400 -0.009400 -0.186510
-0.009300 -0.009300 -0.186510
-0.009200 -0.009200 -0.186510
-0.009100 -0.009100 -0.186510
-0.009000 -0.009000 -0.186510
-0.008900 -0.008900 -0.186510
-0.008800 -0.008800 -0.186510
-0.008700 -0.008700 -0.186510
-0.008600 -0.008600 -0.186510
-0.008500 -0.008500 -0.186510
-0.008400 -0.008400 -0.186510
-0.008300 -0.008300 -0.186510
-0.008200 -0.008200 -0.186510
-0.008100 -0.008100 -0.186510
-0.008000 -0.008000 -0.186510
-0.007900 -0.007900 -0.186510
-0.007800 -0.007800 -0.186510
-0.007700 -0.007700 -0.186510
-0.007600 -0.007600 -0.186510
-0.007500 -0.007500 -0.186510
-0.007400 -0.007400 -0.186510
-0.007300 -0.007300 -0.186510
-0.007200 -0.007200 -0.186510
-0.007100 -0.007100 -0.186510
-0.007000 -0.007000 -0.186510
-0.006900 -0.006900 -0.186510
-0.006800 -0.006800 -0.186510
-0.006700 -0.006700 -0.186510
-0.006600 -0.006600 -0.186510
-0.006500 -0.006500 -0.186510
-0.006400 -0.006400 -0.186510
-0.006300 -0.006300 -0.186510
-0.006200 -0.006200 -0.186510
-0.006100 -0.006100 -0.186510
-0.006000 -0.006000 -0.186510
-0.005900 -0.005900 -0.186510
-0.005800 -0.005800 -0.186510
-0.005700 -0.005700 -0.186510
-0.005600 -0.005600 -0.186510
-0.005500 -0.005500 -0.186510
-0.005400 -0.005400 -0.186510
-0.005300 -0.005300 -0.186510
-0.005200 -0.005200 -0.186510
-0.005100 -0.005100 -0.186510
-0.005000 -0.005000 -0.186510
-0.004900 -0.004900 -0.186510
-0.004800 -0.004800 -0.186510
-0.004700 -0.004700 -0.186510
-0.004600 -0.004600 -0.186510
-0.004500 -0.004500 -0.186510
-0.004400 -0.004400 -0.186510
-0.004300 -0.004300 -0.186510
-0.004200 -0.004200 -0.186510
-0.004100 -0.004100 -0.186510
-0.004000 -0.004000 -0.186510
-0.003900 -0.003900 -0.186510
-0.003800 -0.003800 -0.186510
-0.003700 -0.003700 -0.186510
-0.003600 -0.003600 -0.186510
-0.003500 -0.003500 -0.186510
-0.003400 -0.003400 -0.186510
-0.003300 -0.003300 -0.186510
-0.003200 -0.003200 -0.186510
-0.003100 -0.003100 -0.186510
-0.003000 -0.003000 -0.186510
-0.002900 -0.002900 -0.186510
-0.002800 -0.002800 -0.186510
-0.002700 -0.002700 -0.186510
-0.002600 -0.002600 -0.186510
-0.002500 -0.002500 -0.179391
-0.002400 -0.002400 -0.172266
-0.002300 -0.002300 -0.165135
-0.002200 -0.002200 -0.157998
-0.002100 -0.002100 -0.150856
-0.002000 -0.002000 -0.143708
-0.001900 -0.001900 -0.136555
-0.001800 -0.001800 -0.129397
-0.001700 -0.001700 -0.122234
-0.001600 -0.001600 -0.115067
-0.001500 -0.001500 -0.107895
-0.001400 -0.001400 -0.100720
-0.001300 -0.001300 -0.093541
-0.001200 -0.001200 -0.086359
-0.001100 -0.001100 -0.079174
-0.001000 -0.001000 -0.071985
-0.000900 -0.000900 -0.064794
-0.000800 -0.000800 -0.057601
-0.000700 -0.000700 -0.050405
-0.000600 -0.000600 -0.043208
-0.000500 -0.000500 -0.036009
-0.000400 -0.000400 -0.028809
-0.000300 -0.000300 -0.021608
-0.000200 -0.000200 -0.014405
-0.000100 -0.000100 -0.007203
0.000000 0.000000 0.000000
0.000100 0.000100 0.007203
0.000200 0.000200 0.014405
0.000300 0.000300 0.021608
0.000400 0.000400 0.028809
0.000500 0.000500 0.036009
0.000600 0.000600 0.043208
0.000700 0.000700 0.050405
0.000800 0.000800 0.057601
0.000900 0.000900 0.064794
0.001000 0.001000 0.071985
0.001100 0.001100 0.079174
0.001200 0.001200 0.086359
0.001300 0.001300 0.093541
0.001400 0.001400 0.100720
0.001500 0.001500 0.107895
0.001600 0.001600 0.115067
0.001700 0.001700 0.122234
0.001800 0.001800 0.129397
0.001900 0.001900 0.136555
0.002000 0.002000 0.143708
0.002100 0.002100 0.150856
0.002200 0.002200 0.157998
0.002300 0.002300 0.165135
0.002400 0.002400 0.172266
0.002500 0.002500 0.179391
0.002600 0.002600 0.186510
0.002700 0.002700 0.186510
0.002800 0.002800 0.186510
0.002900 0.002900 0.186510
0.003000 0.003000 0.186510
0.003100 0.003100 0.186510
0.003200 0.003200 0.186510
0.003300 0.003300 0.186510
0.003400 0.003400 0.186510
0.003500 0.003500 0.186510
0.003600 0.003600 0.186510
0.003700 0.003700 0.186510
0.003800 0.003800 0.186510
0.003900 0.003900 0.186510
0.004000 0.004000 0.186510
0.004100 0.004100 0.186510
0.004200 0.004200 0.186510
0.004300 0.004300 0.186510
0.004400 0.004400 0.186510
0.004500 0.004500 0.186510
0.004600 0.004600 0.186510
0.004700 0.004700 0.186510
0.004800 0.004800 0.186510
0.004900 0.004900 0.186510
0.005000 0.005000 0.186510
0.005100 0.005100 0.186510
0.005200 0.005200 0.186510
0.005300 0.005300 0.186510
0.005400 0.005400 0.186510
0.005500 0.005500 0.186510
0.005600 0.005600 0.186510
0.005700 0.005700 0.186510
0.005800 0.005800 0.186510
0.005900 0.005900 0.186510
0.006000 0.006000 0.186510
0.006100 0.006100 0.186510
0.006200 0.006200 0.186510
0.006300 0.006300 0.186510
0.006400 0.006400 0.186510
0.006500 0.006500 0.186510
0.006600 0.006600 0.186510
0.006700 0.006700 0.186510
0.006800 0.006800 0.186510
0.006900 0.006900 0.186510
0.007000 0.007000 0.186510
0.007100 0.007100 0.186510
0.007200 0.007200 0.186510
0.007300 0.007300 0.186510
0.007400 0.007400 0.186510
0.007500 0.007500 0.186510
0.007600 0.007600 0.186510
0.007700 0.007700 0.186510
0.007800 0.007800 0.186510
0.007900 0.007900 0.186510
0.008000 0.008000 0.186510
0.008100 0.008100 0.186510
0.008200 0.008200 0.186510
0.008300 0.008300 0.186510
0.008400 0.008400 0.186510
0.008500 0.008500 0.186510
0.008600 0.008600 0.186510
0.008700 0.008700 0.186510
0.008800 0.008800 0.186510
0.008900 0.008900 0.186510
0.009000 0.009000 0.186510
0.009100 0.009100 0.186510
0.009200 0.009200 0.186510
0.009300 0.009300 0.186510
0.009400 0.009400 0.186510
0.009500 0.009500 0.186510
0.009600 0.009600 0.186510
0.009700 0.009700 0.186510
0.009800 0.009800 0.186510
0.009900 0.009900 0.186510
0.010000 0.010000 0.186510
0.010100 0.010100 0.186510
0.010200 0.010200 0.186510
0.010300 0.010300 0.186510
0.010400 0.010400 0.186510
0.010500 0.010500 0.186510
0.010600 0.010600 0.186510
0.010700 0.010700 0.186510
0.010800 0.010800 0.186510
0.010900 0.010900 0.186510
0.011000 0.011000 0.186510
0.011100 0.011100 0.186510
0.011200 0.011200 0.186510
0.011300 0.011300 0.186510
0.011400 0.011400 0.186510
0.011500 0.011500 0.186510
0.011600 0.011600 0.186510
0.011700 0.011700 0.186510
0.011800 0.011800 0.186510
0.011900 0.011900 0.186510
0.012000 0.012000 0.186510
0.012100 0.012100 0.186510
0.012200 0.012200 0.186510
0.012300 0.012300 0.186510
0.012400 0.012400 0.186510
0.012500 0.012500 0.186510
0.012600 0.012600 0.186510
0.012700 0.012700 0.186510
0.012800 0.012800 0.186510
0.012900 0.012900 0.186510
0.013000 0.013000 0.186510
0.013100 0.013100 0.186510
0.013200 0.013200 0.186510
0.013300 0.013300 0.186510
0.013400 0.013400 0.186510
0.013500 0.013500 0.186510
0.013600 0.013600 0.186510
0.013700 0.013700 0.186510
0.013800 0.013800 0.186510
0.013900 0.013900 0.186510
0.014000 0.014000 0.186510
0.014100 0.014100 0.186510
0.014200 0.014200 0.186510
0.014300 0.014300 0.186510
0.014400 0.014400 0.186510
0.014500 0.014500 0.186510
0.014600 0.014600 0.186510
0.014700 0.014700 0.186510
0.014800 0.014800 0.186510
0.014900 0.014900 0.186510
0.015000 0.015000 0.186510
0.015100 0.015100 0.186510
0.015200 0.015200 0.186510
0.015300 0.015300 0.186510
0.015400 0.015400 0.186510
0.015500 0.015500 0.186510
0.015600 0.015600 0.186510
0.015700 0.015700 0.186510
0.015800 0.015800 0.186510
0.015900 0.015900 0.186510
0.016000 0.016000 0.186510
0.016100 0.016100 0.186510
0.016200 0.016200 0.186510
0.016300 0.016300 0.186510
0.016400 0.016400 0.186510
0.016500 0.016500 0.186510
0.016600 0.016600 0.186510
0.016700 0.016700 0.186510
0.016800 0.016800 0.186510
0.016900 0.016900 0.186510
0.017000 0.017000 0.186510
0.017100 0.017100 0.186510
0.017200 0.017200 0.186510
0.017300 0.017300 0.186510
0.017400 0.017400 0.186510
0.017500 0.017500 0.186510
0.017600 0.017600 0.186510
0.017700 0.017700 0.186510
0.017800 0.017800 0.186510
0.017900 0.017900 0.186510
0.018000 0.018000 0.186510
0.018100 0.018100 0.186510
0.018200 0.018200 0.186510
0.018300 0.018300 0.186510
0.018400 0.018400 0.186510
0.018500 0.018500 0.186510
0.018600 0.018600 0.186510
0.018700 0.018700 0.186510
0.018800 0.018800 0.186510
0.018900 0.018900 0.186510
0.019000 0.019000 0.186510
0.019100 0.019100 0.186510
0.019200 0.019200 0.186510
0.019300 0.019300 0.186510
0.019400 0.019400 0.186510
0.019500 0.019500 0.186510
0.019600 0.019600 0.186510
0.019700 0.019700 0.186510
0.019800 0.019800 0.186510
0.019900 0.019900 0.186510
0.020000 0.020000 0.186510
0.020100 0.020100 0.186510
0.020200 0.020200 0.186510
0.020300 0.020300 0.186510
0.020400 0.020400 0.186510
0.020500 0.020500 0.186510
0.020600 0.020600 0.186510
0.020700 0.020700 0.186510
0.020800 0.020800 0.186510
0.020900 0.020900 0.186510
0.021000 0.021000 0.186510
0.021100 0.021100 0.186510
0.021200 0.021200 0.186510
0.021300 0.021300 0.186510
0.021400 0.021400 0.186510
0.021500 0.021500 0.186510
0.021600 0.021600 0.186510
0.021700 0.021700 0.186510
0.021800 0.021800 0.186510
0.021900 0.021900 0.186510
0.022000 0.022000 0.186510
0.022100 0.022100 0.186510
0.022200 0.022200 0.186510
0.022300 0.022300 0.186510
0.022400 0.022400 0.186510
0.022500 0.022500 0.186510
0.022600 0.022600 0.186510
0.022700 0.022700 0.186510
0.022800 0.022800 0.186510
0.022900 0.022900 0.186510
0.023000 0.023000 0.186510
0.023100 0.023100 0.186510
0.023200 0.023200 0.186510
0.023300 0.023300 0.186510
0.023400 0.023400 0.186510
0.023500 0.023500 0.186510
0.023600 0.023600 0.186510
0.023700 0.023700 0.186510
0.023800 0.023800 0.186510
0.023900 0.023900 0.186510
0.024000 0.024000 0.186510
0.024100 0.024100 0.186510
0.024200 0.024200 0.186510
0.024300 0.024300 0.186510
0.024400 0.024400 0.186510
0.024500 0.024500 0.186510
0.024600 0.024600 0.186510
0.024700 0.024700 0.186510
0.024800 0.024800 0.186510
0.024900 0.024900 0.186510
0.025000 0.025000 0.186510
0.025100 0.025100 0.186510
0.025200 0.025200 0.186510
0.025300 0.025300 0.186510
0.025400 0.025400 0.186510
0.025500 0.025500 0.186510
0.025600 0.025600 0.186510
0.025700 0.025700 0.186510
0.025800 0.025800 0.186510
0.025900 0.025900 0.186510
0.026000 0.026000 0.186510
0.026100 0.026100 0.186510
0.026200 0.026200 0.186510
0.026300 0.026300 0.186510
0.026400 0.026400 0.186510
0.026500 0.026500 0.186510
0.026600 0.026600 0.186510
0.026700 0.026700 0.186510
0.026800 0.026800 0.186510
0.026900 0.026900 0.186510
0.027000 0.027000 0.186510
0.027100 0.027100 0.186510
0.027200 0.027200 0.186510
0.027300 0.027300 0.186510
0.027400 0.027400 0.186510
0.027500 0.027500 0.186510
0.027600 0.027600 0.186510
0.027700 0.027700 0.186510
0.027800 0.027800 0.186510
0.027900 0.027900 0.186510
0.028000 0.028000 0.186510
0.028100 0.028100 0.186510
0.028200 0.028200 0.186510
0.028300 0.028300 0.186510
0.028400 0.028400 0.186510
0.028500 0.028500 0.186510
0.028600 0.028600 0.186510
0.028700 0.028700 0.186510
0.028800 0.028800 0.186510
0.028900 0.028900 0.186510
0.029000 0.029000 0.186510
0.029100 0.029100 0.186510
0.029200 0.029200 0.186510
0.029300 0.029300 0.186510
0.029400 0.029400 0.186510
0.029500 0.029500 0.186510
0.029600 0.029600 0.186510
0.029700 0.029700 0.186510
0.029800 0.029800 0.186510
0.029900 0.029900 0.186510
0.030000 0.030000 0.186510
